44 4
9 20
12 7
28 15
44 8
31 21
46 18
6 28
2 13
0 13
1 13
16 8
21 12
0 20
10 18
44 2
33 10
43 21
38 9
24 11
9 21
31 9
21 11
17 9
22 22
31 6
8 28
0 17
43 13
46 19
24 14
45 12
36 24
29 18
31 14
31 18
3 20
2 9
7 17
45 10
1 11
35 9
9 28
28 7
1 16
31 1
28 21
34 9
31 10
45 24
0 12
45 0
29 14
24 17
31 8
18 7
44 0
46 3
9 18
19 10
3 9
22 13
19 24
8 18
15 28
9 9
30 20
43 1
37 10
2 27
43 8
9 8
41 8
43 16
7 24
29 3
7 14
44 13
45 3
43 0
11 8
28 22
8 21
44 19
10 21
30 10
28 9
2 19
45 19
3 10
40 10
0 22
30 7
43 3
28 14
10 17
29 4
10 27
21 15
22 20
9 17
35 3
46 8
9 16
14 26
8 16
15 7
35 10
28 11
15 10
42 11
0 14
8 14
23 17
17 7
11 9
23 18
28 8
3 14
37 8
36 0
3 18
44 15
9 24
43 15
39 8
1 19
46 14
29 11
45 20
0 9
28 19
34 27
34 1
42 27
30 6
30 25
12 10
42 8
24 25
29 7
40 24
45 15
7 12
32 28
43 2
15 9
22 17
37 1
28 27
7 18
18 8
21 13
32 4
2 16
0 15
43 12
34 2
22 27
29 20
24 15
22 11
24 20
30 21
21 14
10 24
29 6
30 13
32 1
38 28
33 8
28 10
8 26
37 9
8 24
45 16
29 2
21 9
43 11
20 9
39 1
3 24
1 15
9 14
3 15
46 2
2 18
22 9
46 20
46 27
38 3
45 8
0 24
30 9
21 26
16 10
32 3
31 26
7 11
24 19
31 12
37 3
39 24
46 16
43 24
32 11
16 7
32 8
7 20
42 2
13 28
4 24
0 8
26 28
42 3
13 24
7 22
8 17
29 21
28 5
19 9
3 17
21 17
34 10
23 11
40 9
7 19
29 13
4 25
1 22
21 21
22 8
31 5
1 10
38 1
21 10
42 1
31 2
30 4
23 12
10 20
1 9
44 22
30 14
36 1
10 16
9 11
17 10
41 10
29 10
32 2
30 27
29 17
37 2
15 8
24 16
29 19
22 19
1 18
29 8
27 24
3 21
1 24
29 22
14 24
0 10
32 26
30 11
38 24
23 15
30 16
0 21
11 10
21 25
9 10
33 24
34 3
30 8
19 28
26 24
39 26
44 18
13 26
35 0
43 9
7 28
13 10
44 20
24 12
35 2
17 8
38 10
34 24
25 26
21 22
31 24
7 15
14 9
10 15
23 21
10 12
12 8
15 26
18 10
18 28
45 14
29 5
13 9
45 13
7 13
44 14
8 15
2 12
45 1
40 25
32 5
24 13
8 19
39 2
31 15
7 10
42 10
21 19
10 13
10 9
43 28
2 10
45 2
46 17
38 8
2 15
30 1
21 18
31 19
12 25
44 9
44 11
0 11
28 18
45 4
44 28
21 8
10 14
46 26
7 21
45 18
38 2
28 20
3 12
28 16
12 9
26 26
22 15
29 12
46 12
27 26
8 12
0 18
13 8
22 12
44 24
43 10
43 22
24 10
23 16
22 18
45 21
9 13
9 26
45 17
20 26
24 18
33 3
30 15
13 7
9 25
3 7
20 10
2 21
10 10
16 9
43 20
28 13
43 19
32 10
36 3
31 11
40 8
38 0
44 12
43 4
25 28
8 9
38 27
2 7
31 16
31 17
19 7
46 10
44 16
3 16
2 11
42 26
2 14
22 16
44 1
43 14
3 11
44 3
20 8
18 24
23 14
36 2
1 20
24 27
21 20
37 24
39 9
20 28
14 7
21 24
22 24
46 13
31 7
28 6
22 10
2 28
46 1
3 8
36 10
16 27
9 15
2 8
23 19
31 28
30 26
31 13
28 17
30 18
24 21
35 8
9 12
45 28
8 10
3 13
39 10
23 13
30 19
20 24
18 9
1 21
44 17
46 15
22 14
15 24
44 21
28 25
42 9
23 9
31 4
29 16
10 19
29 15
20 11
1 14
7 16
46 25
10 8
45 9
33 1
6 24
2 20
16 25
34 8
9 19
37 0
32 24
30 5
1 17
19 8
45 11
42 25
23 20
31 3
2 17
39 0
35 1
30 3
22 21
21 16
33 28
30 12
11 11
8 11
46 9
41 9
32 9
27 28
33 9
30 2
43 18
8 20
0 16
0 19
46 21
1 8
8 13
12 27
14 10
8 22
33 26
21 28
46 11
31 20
33 2
23 10
44 26
43 17
44 10
33 4
36 9
29 9
25 24
1 12
30 17
3 19
2 24
3 26
14 28
28 12
36 8
10 11
14 8
